name: keras-gpu
channels:
  - conda-forge
  - anaconda
  - defaults
dependencies:
  - asttokens=3.0.0=py310haa95532_0
  - bzip2=1.0.8=h2bbff1b_6
  - ca-certificates=2025.4.26=h4c7d964_0
  - colorama=0.4.6=py310haa95532_0
  - comm=0.2.1=py310haa95532_0
  - cudatoolkit=11.2.2=h7d7167e_13
  - cudnn=8.1.0.77=h3e0f4f4_0
  - debugpy=1.8.11=py310h5da7b33_0
  - decorator=5.1.1=pyhd3eb1b0_0
  - exceptiongroup=1.2.0=py310haa95532_0
  - executing=0.8.3=pyhd3eb1b0_0
  - ipykernel=6.29.5=py310haa95532_1
  - ipython=8.30.0=py310haa95532_0
  - jedi=0.19.2=py310haa95532_0
  - jupyter_client=8.6.3=py310haa95532_0
  - jupyter_core=5.7.2=py310haa95532_0
  - libffi=3.4.4=hd77b12b_1
  - libsodium=1.0.18=h62dcd97_0
  - matplotlib-inline=0.1.6=py310haa95532_0
  - nest-asyncio=1.6.0=py310haa95532_0
  - openssl=3.5.0=ha4e3fda_1
  - parso=0.8.4=py310haa95532_0
  - pip=25.1=pyhc872135_2
  - platformdirs=4.3.7=py310haa95532_0
  - prompt-toolkit=3.0.43=py310haa95532_0
  - prompt_toolkit=3.0.43=hd3eb1b0_0
  - psutil=5.9.0=py310h827c3e9_1
  - pure_eval=0.2.2=pyhd3eb1b0_0
  - pygments=2.19.1=py310haa95532_0
  - python=3.10.16=h4607a30_1
  - python-dateutil=2.9.0post0=py310haa95532_2
  - pywin32=308=py310h5da7b33_0
  - pyzmq=26.2.0=py310h5da7b33_0
  - setuptools=78.1.1=py310haa95532_0
  - six=1.17.0=py310haa95532_0
  - sqlite=3.45.3=h2bbff1b_0
  - stack_data=0.2.0=pyhd3eb1b0_0
  - tk=8.6.14=h0416ee5_0
  - tornado=6.4.2=py310h827c3e9_0
  - tqdm=4.67.1=pyhd8ed1ab_1
  - traitlets=5.14.3=py310haa95532_0
  - typing_extensions=4.12.2=py310haa95532_0
  - tzdata=2025b=h04d1e81_0
  - ucrt=10.0.22621.0=h57928b3_1
  - vc=14.42=haa95532_5
  - vc14_runtime=14.42.34438=hfd919c2_26
  - vs2015_runtime=14.42.34438=h7142326_26
  - wcwidth=0.2.5=pyhd3eb1b0_0
  - wheel=0.45.1=py310haa95532_0
  - xz=5.6.4=h4754444_1
  - zeromq=4.3.5=hd77b12b_0
  - zlib=1.2.13=h8cc25b3_1
  - pip:
      - absl-py==2.2.2
      - astunparse==1.6.3
      - cachetools==5.5.2
      - certifi==2025.4.26
      - charset-normalizer==3.4.2
      - contourpy==1.3.2
      - cycler==0.12.1
      - flatbuffers==25.2.10
      - fonttools==4.57.0
      - gast==0.4.0
      - google-auth==2.39.0
      - google-auth-oauthlib==0.4.6
      - google-pasta==0.2.0
      - grpcio==1.71.0
      - h5py==3.13.0
      - idna==3.10
      - ipywidgets==8.1.6
      - jupyterlab-widgets==3.0.14
      - keras==2.10.0
      - keras-preprocessing==1.1.2
      - kiwisolver==1.4.8
      - libclang==18.1.1
      - markdown==3.8
      - markupsafe==3.0.2
      - matplotlib==3.10.1
      - numpy==1.26.4
      - oauthlib==3.2.2
      - opt-einsum==3.4.0
      - packaging==25.0
      - pillow==11.2.1
      - protobuf==3.19.6
      - pyasn1==0.6.1
      - pyasn1-modules==0.4.2
      - pyparsing==3.2.3
      - requests==2.32.3
      - requests-oauthlib==2.0.0
      - rsa==4.9.1
      - tensorboard==2.10.1
      - tensorboard-data-server==0.6.1
      - tensorboard-plugin-wit==1.8.1
      - tensorflow==2.10.0
      - tensorflow-estimator==2.10.0
      - tensorflow-io-gcs-filesystem==0.31.0
      - termcolor==3.1.0
      - typing-extensions==4.13.2
      - urllib3==2.4.0
      - werkzeug==3.1.3
      - widgetsnbextension==4.0.14
      - wrapt==1.17.2
prefix: C:\Users\krist\anaconda3\envs\keras-gpu
